100 1
0.000513393543366577 
0.00013515342454937078 
0.0002709155255400565 
0.0003839881703127139 
2.6080553112122395e-05 
0.00026536045234040436 
5.648031151300292e-05 
0.0005092015239665824 
0.00012962022694301212 
0.0003328478609494752 
0.0007168773685884639 
6.234228793023668e-05 
0.00020438497151488842 
0.0009686796863465725 
0.0003984996812939519 
4.5628193120635454e-05 
0.0004062262403581272 
0.00023716825109238983 
0.00011564644613449877 
0.00021722540535250756 
0.0005419943065796357 
0.0005015028929864009 
0.00017961177783355162 
0.0006501949210284666 
0.0006126504579319666 
0.0005656968895804656 
3.9171107974176646e-05 
0.0002465276815385673 
0.0004976317449547196 
0.0009021484451342304 
0.00019352206845023635 
0.00021615927767235787 
0.0005221491663530648 
0.0006015495715270203 
0.0008061647696748703 
0.0002912235077347297 
0.0007303336209521301 
0.0001295564510138557 
0.0008829140598329325 
0.0005504935403783612 
0.00046739029144829164 
0.0004026765032585823 
0.00027660403254908453 
0.0010788377180593373 
0.0002897994535180984 
0.0011264051816041734 
0.0004879683591527113 
0.0003131987320268351 
0.0008245300918057665 
0.0006803665003661226 
8.587090900560306e-05 
0.000755065338468893 
0.00042873204349860514 
0.0003596066952493186 
0.00021168874504806342 
0.00013820856979816537 
0.0004592700404417966 
0.0004105870068810186 
0.00011924541023470092 
0.0007287208862593573 
0.0009970770666428601 
0.0005288935173992715 
0.00045406954707901824 
0.0005741625977037754 
6.719470968677801e-05 
0.00047536065572466497 
3.8843907325959205e-05 
0.00022365450307408992 
0.0003151499142180915 
0.0006202265778565493 
0.00025546634902611713 
0.0004093743878525834 
0.0003788803726236622 
0.0006648050974338486 
0.00018962933741921363 
0.0003149757189650814 
0.0009443662653508653 
0.00037863691021994186 
0.0002283353375468781 
0.0006869187605225044 
0.0006681809542684876 
0.00034158585132350344 
0.0003174507156814452 
0.0004032511201599374 
0.0007205267721507353 
0.0010177742271153532 
0.0003264790387943317 
0.0004225762649257627 
0.000631785501404924 
0.0005680978453191148 
0.00035482742124126756 
0.0005576434562164044 
2.9417936336542704e-05 
0.00016500818985994744 
0.000546241248923903 
0.00042652323012067056 
0.0008910096246838971 
0.0004244012061616309 
0.0006902228176620019 
0.0004881301670267251 
