100 1
0.0005066066732035175 
0.0005894590985519758 
0.0005402598534914285 
3.83963464562215e-05 
0.0006446155337817869 
0.0004057204969742403 
0.000627050134478511 
0.0006117941266280554 
0.0003574541877464104 
0.0005346398628615617 
0.0006225574006870696 
0.00031561261106784883 
0.0002281905585649118 
7.310240318476634e-05 
0.00025184231086938384 
0.0005552398604811786 
0.00017985210730335979 
0.0004456483576228139 
8.691539722002366e-05 
0.00020274547597871488 
0.0003059491359589366 
8.982899973826224e-05 
0.00022575438354466106 
0.00024861146557731404 
6.787967169631082e-06 
0.0005980808342566928 
0.00012965370700941393 
0.00037802109051233854 
2.5298859709712803e-05 
0.000628309500163342 
6.404962229041044e-05 
0.0006388450629605326 
5.372679523613047e-06 
0.00047078537710492025 
0.00011056030871299531 
0.0006505188724329218 
0.0005818655770928421 
0.0002987650320417039 
0.00033576362073954764 
0.00026312104452221675 
0.00036122215875893554 
0.00013774192465398197 
0.0004661845001987714 
0.0003012937568671734 
5.550639145443653e-05 
3.5426213923451235e-05 
0.0003400212410108632 
0.000248140836492201 
4.3640278071436464e-06 
8.522752728833249e-05 
0.0005327068548653446 
0.000623726142241363 
0.0004399153547394745 
1.7549515015795263e-05 
7.930626513514919e-05 
0.00043376675877817856 
4.708113932705299e-05 
0.0005138253742065685 
0.0003388426998192339 
0.00010227752191516569 
0.0005438339389922994 
0.00018799485061056297 
0.00015148283344913483 
0.0004151696734744636 
0.00017161311361834817 
0.0005610215125909419 
0.00011387032931141025 
0.0005287560343615954 
0.0002537069799732581 
2.006558983957877e-05 
0.0005983082163231763 
0.0004835262108716985 
8.568624209987527e-05 
0.000397378412424544 
0.00028942355132544485 
5.251556266661147e-05 
0.0006582541104562424 
0.00017805924099685263 
0.0004421760828324993 
0.0005495570220973228 
0.00014868497751194075 
0.0003735792753483587 
0.00025198976433269196 
0.00042458343348012546 
0.000546172191714249 
0.0006448746366554748 
0.0003176480112373066 
0.0003822559379277911 
0.0002155871135292498 
0.0004392099014569805 
0.000499718732398956 
0.0003210306358655223 
0.0006180235335468751 
0.0006155256564735275 
0.0002570773210103347 
0.0001341457849273983 
0.0002497821189074544 
0.0005459479040017673 
8.347858884174883e-05 
0.000601091890699408 
