100 1
0.0005032342767987578 
0.0006404685280344754 
0.00044022337334488143 
2.27634366045392e-05 
0.000475097055991512 
0.0002961623556115872 
0.00012026444085411394 
0.0005895665454629542 
0.0006479714473949914 
0.00027618736866042034 
8.429004762114361e-05 
0.0005395974108430921 
0.0004419095102259554 
0.00041830969421676584 
0.00012047151835092144 
4.860847435959082e-05 
0.0005581736748297402 
0.0004677121063385528 
0.00010241771485102141 
0.0001148133585801462 
0.00016898947389563435 
0.0005600569166871089 
0.0004469436693679931 
0.00056221224200844 
0.00017535386576650574 
0.00021733832537299653 
0.00027323920179937755 
0.000310918703613239 
0.0006425120855394987 
0.0004054446874390313 
0.00043135750251500253 
0.0006059401771441489 
0.00041896705786648 
0.00047046135769868684 
0.0005095486250798907 
1.3478994250328202e-05 
0.0005717916335990539 
0.00021824758674620138 
0.00018487272261725216 
0.0004704178717431691 
0.00016610527242162516 
0.000645080559391127 
9.229378010039988e-05 
0.0006077230095561756 
2.7136361890192833e-05 
0.0005695763450649584 
0.00048677057199751763 
2.6943579731780325e-05 
0.0004652629652941385 
0.00028852450998429055 
0.0005636387614121774 
0.00010230187434560362 
2.8917325903988483e-05 
9.94188072699689e-06 
0.0004951119870436874 
0.00033817850775551636 
5.82071585371101e-05 
0.0006322561586855777 
3.7632297019827456e-05 
0.0005222675983278755 
3.723982248385884e-05 
0.00014019543379233305 
0.00027999006881210985 
0.0005444206196045972 
0.0003922572412277753 
0.0005664893059783299 
0.00043154891369121266 
0.0002970170060879536 
0.00038258375806797404 
0.00016265512038654721 
0.000282605283910615 
0.0006312885153721878 
2.819557311877112e-05 
0.00020998435708597442 
0.0004669441393596442 
0.0002143538461359463 
0.00027193027013520737 
0.00040581303401653854 
0.00042485487711813703 
0.00025639920113412106 
0.00020983641484050873 
0.00010141331700813669 
6.326903920762068e-05 
0.00013732018290053854 
0.0005879852326911831 
0.0003355128780071767 
0.0003944552161842367 
0.0003322011951281911 
5.0046626254634544e-05 
0.00018589267739015428 
0.0004941918834813311 
0.0002521761322096108 
0.0006139632555794181 
0.0004738367497629513 
0.00015695549341255226 
0.0006071606379267348 
3.5480013570336524e-05 
0.0005284943433029307 
0.000571911038096455 
0.0005594124116335707 
