100 1
14.315238690141943
18.85296526522818
24.39747841645162
28.517703701931485
33.51228748608867
39.33897474243156
43.444810585317335
49.22348990981613
54.96597481681857
60.185311622770705
65.88299260140522
70.65424624136253
75.57289276727009
80.09148021759769
85.70701270126045
91.33654206835449
96.85757831155534
101.34891647630441
107.10663091604691
111.67502391114785
116.25907868419445
121.91909039055315
127.42488213640603
132.67802840554864
137.45148416178748
142.70740360411696
147.81891397014135
153.43189535726017
158.30607755427732
162.69358545307287
168.37388204252858
173.6955716809874
179.00942014999825
183.3683280264477
188.4885089177791
192.84048697705458
196.95452570682346
202.27879624285532
206.3754402201571
211.03274756322506
216.1432591235198
220.53737392095326
224.54611828175805
229.50692987367327
234.60634832338707
239.448908963094
243.7139805006574
248.9176677331588
254.57371447340256
258.81774658231006
263.39708675191105
267.8246524107929
272.66103509456224
276.95274010207356
282.33219335814414
287.9867586226544
293.26779631697065
297.39388198324156
302.8122469955518
307.8963532573333
312.8761852703951
317.55672803426
323.08469597740395
328.57723132950434
334.32264518583
338.400377068053
344.08280985610156
349.3682307540969
354.8661987649143
359.1263815940323
364.6560812623127
370.45013886744596
375.60783194768754
379.76096191954275
385.43792511816395
390.24287716394963
395.91054328098113
401.6930325471295
405.84078878225324
410.42284141892253
414.47571322534185
420.2909678676647
424.63906888792206
428.78863504751416
434.26943839945574
439.5931244063919
443.65888606420975
448.848367398553
453.7504486828249
458.1549759386296
463.86443431662855
468.1917630655377
473.46593285251873
478.54341248234454
483.78663449097905
488.7787462761276
492.9005764163976
497.0408113217878
501.11360104137526
506.0162511653742
