100 1
0.0004853951337027582 
0.0003784557640067632 
0.000613093456977407 
1.2222970665018228e-06 
0.0005876725935684308 
2.8066232752505402e-05 
2.1217604574715466e-05 
3.3623505761737666e-05 
0.00030162782669029234 
0.00026695105197649166 
2.7330126171912827e-05 
0.000625434694973664 
0.00021389617745564175 
0.0002454181045952527 
0.0004778066812526188 
0.00011485008675869956 
0.0005696385668647382 
0.0003273580594503495 
0.00024547100047187626 
0.00041389140751516695 
0.000375160086253402 
0.0004583328362273871 
0.0005856605222424485 
0.00018335103938211145 
0.00033632231856244705 
0.0001392739488137879 
2.7334091397143895e-05 
0.00010828824484150021 
0.00038071340955821603 
0.0006125962549052023 
0.0003086235146988635 
0.00025246032044957397 
0.0003731948921576857 
0.0006135838934064101 
0.00012705705580138454 
0.0004382796061580717 
7.857706000780315e-05 
2.6293235224345038e-05 
0.00041256138519921273 
0.0004916585595738483 
0.0001012605683087156 
0.0004291909650805224 
0.00022639782382451727 
0.0006373197613756581 
0.0004542448783123021 
0.0005537923058946805 
7.880731804612358e-05 
0.0001802825434497167 
0.0005992307180874879 
0.00020044512819082487 
0.00013874754506230477 
0.00015672118084135816 
0.00047610545321649097 
7.75980015915198e-05 
0.0005257228983128794 
6.946955410545206e-06 
8.284804725455247e-05 
0.0003511145272339976 
0.00025256444647263213 
0.0006465623207002754 
0.0005970273707563039 
0.00037916988515526983 
0.00016640433834306015 
1.4307082743812179e-05 
5.801695890079351e-05 
7.712586835185315e-05 
0.0001665362708896819 
0.0004946565870560773 
0.00021514110940669984 
0.0004124241938790927 
0.00014743196169391716 
0.00010487794091362092 
0.0004198829761665522 
0.0002460047768203026 
0.00018439157632614407 
0.00018683736455558074 
0.0004431060921361462 
0.00011484670626075882 
0.0002092976016959778 
0.00032040573180231455 
7.153861840922813e-06 
0.00034629494592945963 
0.0004083680153956084 
0.0006081367473275257 
0.0001694081268634148 
0.00018905230741069555 
4.531370853373196e-05 
0.0004439535273403108 
0.00039654257387736886 
0.0005202486158824407 
0.0003259470349593853 
2.9313449953210574e-05 
0.0002818455680362943 
6.550932116685717e-05 
6.751327213747593e-05 
3.485940157775554e-05 
0.000399299738424577 
0.00013547174787769924 
1.287320430131542e-05 
0.000562694154378704 
