100 1
0.0013466741600074484 
0.0012742991121274013 
0.0006389583528755862 
0.0015996082136561299 
0.0001493207061956691 
0.0006217122174898347 
0.001157758646271451 
0.0019106339553709376 
0.002702951078466264 
0.0010041583436541165 
0.0027313911215574496 
0.0007543762847186455 
0.0017798195296996602 
0.0007898876322563488 
0.0009217572358462286 
0.0013378650627247184 
0.003000424339346805 
0.0016597475415520916 
7.682309938894548e-05 
0.0005689047403900176 
0.0003198638394259841 
0.0018938129323694246 
0.0017171551795738017 
0.0006901805711677963 
0.0008387439110861076 
0.0005691100517618165 
0.0023938283161419544 
0.0009180233705906803 
0.0014677573706584758 
0.0010245864318443455 
0.0025838194641781176 
0.00025858039928080136 
0.001702435156953922 
0.00039869668018527706 
0.0011368739871532873 
0.0011902362480264398 
0.0003593921491172184 
0.0008824639183189208 
0.00021764960513866627 
0.0007041242421444774 
0.0006253936165562153 
0.0009430881450708377 
0.001773628015110744 
6.749116872853465e-05 
0.001381267824961176 
0.0034070612704920574 
0.0005476329529222313 
0.0008943739529504572 
0.0020200160179881525 
0.002012842421785287 
0.0008925309771044301 
0.003178072556186314 
0.0014077766350771225 
0.0006873994642097902 
0.0007928768328666352 
0.0010467324513304952 
0.0006088874699107199 
0.0011965442748509193 
0.0031184733278541354 
0.0022474678933695003 
0.0009316679985076358 
0.002402112974919735 
0.0010404524098114357 
0.0007441945703656 
0.0008392015009002665 
0.0026116328575723265 
0.0006984935406669387 
0.0012498300705725347 
0.0014513950887680479 
0.0018478103824946153 
0.0007910287053732705 
0.0007011470588962016 
0.0024355429827120087 
0.000491074030238486 
0.0005619091529534939 
0.0015885930544127565 
0.003098184675378641 
0.0016105640475639342 
0.0016966462034975025 
0.0006184768797347167 
0.0013415058560416542 
0.00135473158393324 
0.002046043427240812 
0.0015876650390465289 
0.00021529683543745264 
0.00035959116491339493 
5.456590070468121e-05 
0.0013290660489417296 
0.00139351765690085 
0.00029026994558302096 
0.0024974684795150874 
0.0013523613937635862 
0.003403649132774101 
0.0007755178225564254 
0.0007787748545394088 
0.0015727568159696198 
0.0022969959332890684 
0.0009302145086132482 
0.0021391192249193757 
0.0014296650528960826 
