100 1
15.12728230957114
19.83698853024145
25.492062289840494
29.055624455460592
35.22748172894128
40.9371844254725
45.950511545735836
50.20686089318523
57.0144147678525
63.608628290976604
67.5625528276834
72.4471961260721
76.44848278418168
82.58945362470524
87.20361011989868
93.32038201554779
98.07500356726312
103.1776750162857
107.86880629975416
113.75665115430614
119.66631332546616
124.06454799421024
129.81912881047253
133.3773795847457
136.72061024434177
142.7626493064181
148.08744914403064
154.69216627558805
157.5718833531233
164.0414980626402
168.08372833320811
173.53887804785268
179.1314221773902
184.41226292545426
189.64029081894898
195.25459217357226
199.44846704808253
206.16156160063645
210.74797117145195
215.71273430105637
220.7813982490217
225.8031658887489
230.33460839766246
234.9975465849797
239.0741152987551
244.92333280737097
251.53709103112132
255.03329645951993
260.69871692543586
266.8286597281202
273.11263422050996
278.88532444972884
283.87870452554716
288.7425698791135
293.17319517387705
297.58989340174566
302.7539112763493
305.78097456855227
311.8663457647104
315.6240234260817
321.10946896219303
324.6528468402285
329.9362136584957
334.83044576899334
340.67312938659813
344.1904755124498
348.31075088924183
353.76986900647427
357.40746534152044
361.62188107597285
366.5824579901651
370.90247735333224
377.04012485794027
381.9426469812155
386.8940994599319
391.10221166452374
395.5093474668483
401.01437324509993
408.6545251825141
410.9429478016276
416.0619120652224
421.95769429529963
426.6382743042034
430.5527941910114
434.3755241481923
438.55908092164015
443.7472424790727
448.75455899200136
454.5595635110765
459.20056886802695
466.2051154216704
471.9047713993841
477.74767774506523
483.3099200194136
487.4436801972468
492.8431619697241
497.50268731431333
501.0981859384999
505.34255118508446
509.9707784967766
