100 1
1.4575690347135706e-05 
1.0912280193361653e-05 
7.87202638310897e-06 
4.3238423183252145e-06 
1.4975076023287239e-05 
3.9030186346160235e-06 
2.6885812636868284e-06 
1.2339621411424057e-05 
6.2839530073930154e-06 
8.10868305765211e-06 
9.992222918957541e-06 
6.266818246581208e-07 
5.131954829202031e-06 
1.2512985356704623e-05 
8.997941673264937e-07 
6.828117929794759e-06 
1.3194280632628815e-05 
6.055349402662677e-06 
1.4649733510800918e-05 
7.899227017072984e-06 
6.9461051640720765e-06 
1.0409838446871988e-05 
1.4188869224653346e-06 
1.0421119823760757e-05 
2.4598011786999452e-06 
9.996916944901973e-06 
9.483377951875851e-06 
1.0818301454390415e-05 
6.871993779531609e-06 
1.1967849641734465e-05 
1.4703344353119683e-05 
1.1197459827227893e-05 
8.215756847342768e-06 
3.0907322970971026e-06 
1.0228847459608696e-05 
2.3268714381770647e-06 
1.5283991892889909e-06 
3.905068457434028e-06 
1.2919738027408783e-05 
1.3610434649084132e-05 
3.377431727513577e-06 
7.26620411242579e-06 
6.04960501495806e-07 
2.5559815499527868e-06 
6.706289500040093e-06 
5.1384729509933294e-06 
3.6206077997255203e-06 
4.4932632065515256e-06 
3.0167846159418937e-06 
1.4853022132533753e-05 
1.1811898811553757e-07 
1.9730065422436895e-06 
1.2040171056341985e-05 
8.59845997993832e-06 
8.593645705876509e-06 
9.102923211815247e-06 
2.2891813082596003e-06 
9.634811108170549e-06 
7.458601636769624e-06 
2.6176969682327574e-06 
1.0246826670744999e-05 
6.347965960387622e-06 
1.3388076986135841e-05 
1.1845516992237182e-07 
7.491000198636259e-06 
6.110313857330472e-06 
4.834507135855037e-07 
6.1946971831147135e-06 
6.987465522614145e-06 
1.4135150599234583e-05 
5.749747457190868e-06 
3.6171104928556913e-06 
6.182375687315256e-06 
2.8145950949389567e-06 
1.4311111584608289e-05 
2.7307536356305375e-06 
6.233417022735794e-07 
1.1446774182304158e-05 
1.3614975046649446e-05 
1.0111917104628124e-05 
4.646723748235857e-06 
1.675070659298451e-06 
1.173954264237059e-05 
1.5092609629381743e-06 
9.533103931017785e-06 
4.679194407668546e-06 
4.238180010997848e-06 
1.3073219300763658e-05 
3.7779742816528268e-06 
1.4757922578199215e-05 
1.1244072674026056e-05 
9.009876717452828e-06 
4.128516777177199e-07 
5.14069805346258e-06 
8.744734526407254e-06 
7.332494712496192e-06 
1.3983704293751303e-05 
1.873660834291122e-06 
3.2002178245774644e-06 
9.951848765503732e-06 
