100 1
14.59295218775565
19.23691032873372
24.149027640003588
28.63455982521209
32.64111218470613
37.444594217850224
41.923792251576245
46.93167101589945
52.956958828478925
58.59621176758744
63.801181301944276
69.08060073036465
74.15899302098146
79.58000568691705
83.86862143541093
89.76958210798418
93.90433836267769
100.28469607402494
105.46524082264123
108.72550834618248
113.30521995702894
118.43337417074738
124.4417865808834
127.81357145049249
132.18468304714168
137.83784020668512
142.55634555122776
147.9003767676797
151.56583684507564
157.1791188775548
161.61122347143078
166.03867098025773
172.74690600439578
177.58219976995133
182.6244116146499
188.2439883287772
194.17415322332184
199.13572974257463
204.92787457275637
210.24268537982704
215.787576513754
220.5202178063887
226.97576150577973
232.2067119837468
236.3800516188232
241.0944251180016
245.96316497396487
250.47292211274373
255.24968379985944
261.65337405773334
267.2427298876601
273.6315961380256
277.27043222385174
283.3344720336113
289.989341390353
294.983834548549
299.9193531009065
304.99475545381193
309.5287522993164
314.5291558053474
319.1684367377064
324.48140359104195
331.0127778802982
337.58104500270116
341.85521343432663
346.04751021579744
353.1486276907166
360.04670576280205
365.3416945816831
370.2382363875702
376.06371774525553
381.3788736550426
384.54778858803377
389.08937839264286
395.39811103047776
399.98973990757577
405.4157010961946
410.0430914889088
414.0957753353571
417.9014843444767
424.3915575137523
429.1947048956015
434.5305845702287
441.1460849178669
446.9638954050626
451.5948573891434
456.72287987964745
461.379163742252
464.91529327648544
470.6425062464349
473.98129161499884
478.15685485739607
483.54254136115924
488.076394401112
491.54423327458585
497.0680158579313
501.9816358702893
509.15927563967006
513.1669091385002
517.3562371898546
