100 1
0.0009570655140645961 
0.000338659054228857 
0.0005188806901876673 
0.0004716140794405575 
0.00042978505763227267 
0.000266158278530692 
0.00020200952170854175 
0.0006758433651317985 
0.00031313146845297364 
0.00015835655421122692 
0.0001290120279370873 
0.0005508976673210055 
0.0003637115801135403 
0.000655976723985662 
0.00019320642224937324 
0.00037258992928319726 
2.1846721814705236e-05 
0.0005922933020419055 
0.00034879691585232005 
0.00032518082458673017 
0.0005871378964136381 
0.00023481646729997264 
0.0003690652776619938 
0.0005199350062335466 
7.110092988044033e-05 
6.0061542946498125e-05 
0.00044435597800448627 
3.66266628586079e-05 
9.170726670145412e-06 
0.00030970135800528607 
0.0009368667551967768 
0.0008455534128314413 
0.0003750223741387842 
9.457258919072446e-05 
0.00019195488366673046 
8.176919364860522e-05 
0.0004034756682084701 
0.00023519974927814754 
9.7572325555191e-05 
0.0002733478461311873 
0.00016851700866868293 
0.0003830574686360065 
0.00043444301573832646 
9.579509622555094e-05 
0.0005222741328185789 
0.00022517368876888747 
0.00049374298922391 
0.0008745694851742174 
0.0009340223869232473 
0.00025032843988570384 
0.0004407654972625766 
0.000156841745818706 
0.0005074944215347592 
0.0005049205502830249 
0.00021641550884748235 
5.857806431238148e-07 
0.00024912088641360015 
0.0008808215741287097 
0.0005647754193832498 
0.0001911541259854422 
0.00014552322147033482 
0.0005947135527214183 
0.00113851891929627 
0.00037056176321170357 
0.0006390446930277843 
0.0006876480950847132 
0.0009117285282180526 
0.0004586267617998148 
0.00014534428922953932 
3.308433542887555e-05 
0.0005492654448234821 
0.00045218696190917605 
0.00019573753743679155 
2.203579539321348e-05 
0.000457973956704192 
0.0002442459507475024 
4.9842222470525104e-05 
0.0006067066108994039 
0.0006359077105904461 
0.0004152642972064037 
0.0006302978097181293 
0.0008199368650612024 
0.0009999564455175042 
0.000622581441082896 
0.0002995900871244085 
0.00047816636955056515 
0.001019438304490758 
0.0005259825406091253 
0.00041083790031014804 
0.00013168379026495174 
0.00014033933723481027 
0.0008341211143663353 
0.00037486040258259354 
0.00030008889109185976 
0.00044666896247217065 
4.026524390669957e-06 
0.00035542525947272616 
0.00044798671619438417 
0.00019974814357694523 
5.710038320860437e-05 
