100 1
1.1434641360230034e-05 
6.610355639469249e-06 
3.3856971629250753e-06 
1.7204444013178516e-05 
3.42205554844817e-06 
1.5957648238707267e-05 
2.6919933828066394e-06 
1.4031744868280591e-05 
8.70435621731723e-06 
7.978568815067434e-06 
8.407063984181447e-06 
1.0817685055629062e-05 
1.4450407565933641e-05 
2.250374078036641e-05 
1.826051885361139e-05 
2.299418414967126e-05 
5.420514158640006e-06 
3.3758019765799214e-07 
8.100918605796947e-07 
5.5451742242400165e-06 
6.050366795627498e-06 
6.403225848984379e-07 
1.1615409791259203e-05 
3.734474939665246e-06 
5.299131487947934e-06 
5.288562591448843e-06 
1.5091765094113239e-05 
1.685227037062006e-05 
2.9672454476325586e-06 
1.2356363919700181e-05 
1.2154241955020493e-05 
2.264743760192352e-06 
4.053157299931935e-07 
9.590728188093613e-06 
5.207067583675658e-07 
9.368373181691336e-06 
5.586126669913435e-06 
5.818815044268254e-06 
1.050695872135973e-05 
3.7676406278342574e-06 
6.98796609697659e-06 
6.300662183649377e-06 
2.421469540213251e-06 
3.998809804359795e-06 
1.3248092474210248e-05 
7.6197903794726455e-06 
2.233791958421876e-06 
1.777851426490395e-05 
8.900902628828228e-06 
1.3430941735773997e-05 
9.663761438669941e-06 
8.144285478587054e-06 
8.989832558141001e-06 
1.4226430413142738e-05 
4.5465752787100085e-06 
1.549557239009594e-05 
1.7122143288844783e-06 
1.665150925579588e-05 
1.0256162861754154e-05 
8.079994355992992e-06 
5.127970783362572e-06 
5.059513001290498e-06 
4.9740473826046e-06 
2.680740377803998e-05 
1.189389680219229e-05 
5.440817140055509e-06 
5.495817778156972e-06 
1.2630343500139288e-05 
1.6248506497703087e-05 
1.1250127654881578e-05 
1.4812090012726661e-05 
8.383737503707323e-06 
1.2049646881561595e-05 
1.71977035308973e-05 
6.270633532370486e-06 
1.3020959705080472e-05 
8.736946783985493e-06 
6.959550914679969e-06 
1.579933786367878e-05 
1.8318829998817244e-05 
5.2210541880819616e-06 
1.6870021121500327e-05 
5.5512978162643186e-06 
5.179805720717298e-06 
2.7025393435203527e-06 
8.271126238688025e-06 
7.989996140394336e-06 
1.1022832991458417e-05 
1.2398278606091514e-05 
1.527389485767303e-05 
1.3088761173848243e-05 
5.626028627274253e-06 
4.803557889558485e-07 
5.97883388131865e-06 
7.742980340240547e-06 
9.5959629124084e-06 
2.3572783805236893e-06 
1.6545212542982893e-05 
9.051685234689803e-06 
1.1921640933848404e-06 
