100 1
15.602020609372797
20.809364745828923
23.946149498850765
27.72650845404307
33.674737097486684
38.03703489026105
43.14208200002825
47.882496944000785
55.13783043516325
61.42049635949586
65.04163169894763
70.71513732331013
75.46549206117155
81.98478691993895
85.96825573511306
90.47222017245502
94.40805452759717
98.68569397488618
105.86855138339767
110.0726169094205
116.09196135175455
121.15054040016592
127.07505311669398
131.93695823384166
136.1313924739309
142.09776908599736
146.80629227461188
152.8913974644139
158.85152247334375
164.30371801182525
169.69747822752547
172.7726509638023
177.24066459527344
181.65520607572645
186.3894928968554
192.0665275303102
198.34331846566047
204.90708620533667
208.12884099046224
213.6577186635912
217.86798944622862
223.86711349184648
227.44473687900572
231.10852280777632
237.27360655114532
243.13844012890064
248.5537379362076
252.6683320646761
257.8544329633257
263.0618770399246
268.55593394393895
274.13922856948534
278.42708412498996
282.24040839500344
288.0889476601522
293.39006593732654
296.5082647028388
300.8600021867926
306.35060145171445
311.85295207589695
317.76996950076665
321.98131987196155
328.18472404907266
332.5428227739437
336.343808583279
341.9988900538607
347.2943937850402
353.3370763113337
356.9247467058786
361.69862990109124
366.88213175438665
373.6832640055562
378.9687962411768
383.2654956104557
387.02322331094155
392.13322729409373
395.850056355439
400.00369871392104
404.4437571914989
409.9966346688246
415.8169084409701
420.25950039526305
424.7197838284894
430.35381726739615
436.3723956271265
440.9991578993612
445.932134602145
451.13646349830987
455.94788492494854
459.74577369807787
465.60918282471533
469.6849931577552
474.8610273899073
481.83768565518335
487.65509859026224
492.0465294251762
495.8896897657087
500.23213453851395
504.2703645836181
509.8130060215855
