100 1
14.403316837720013
19.059980116473906
24.784520223557326
29.30788478861499
33.80279610396706
38.55614176639072
44.30743541707651
49.49664348198322
54.57867355703602
60.0121059749565
65.0371946543066
70.63849827801171
74.98397607036519
79.9898426682504
85.20255103625549
90.23596784255432
94.24611703895685
100.04834250474367
105.27382333144547
110.93273914540441
115.88195844838216
121.57089548211688
127.30311458528799
132.8813554527173
137.28812064729576
142.70691103190853
148.06693550921395
152.12116974427013
158.08756725389853
163.34449662729946
168.24138662397192
173.54447573422644
179.44605172477154
183.55928585194215
188.5572344298754
194.4841493282915
198.5601141306065
203.4611705391761
209.200136461105
215.04424956078932
219.47343405357879
224.0604249492144
228.7720686308119
233.15818164740946
238.11083652420467
242.75059544839877
247.1631586713708
252.0603399834815
257.44238216372605
263.15455497316657
267.51592113351666
273.4066456016042
278.4762587147815
283.09193551891354
287.1555017503784
291.27147740304144
296.94961350595366
302.5353494508102
306.82169698870814
312.3755922536437
317.7931774152698
322.83219147427076
327.119535800959
331.7357275554802
335.85668944656186
341.83278769843054
345.8597886343515
350.27066268297943
354.906615285774
359.50069755556456
364.01433047188783
369.5798458453105
375.2341438939753
380.6405963869007
385.4824301852634
390.9599800163371
395.80746812787504
400.265073728538
404.9486895506985
409.79940412888396
414.5982520881614
419.5178931022989
424.96581203276077
430.95608676502854
436.5899368698156
442.0484416687189
447.72168793528004
452.11426065143064
457.78624780481545
463.01738564552005
468.5791399670152
473.82080562441723
477.88407253863755
483.1501191422401
487.40132349995105
492.24402452355787
496.31235083876606
500.950637320001
505.8570510343663
511.1995786687266
