100 1
0.0015394237082108156 
0.001528234641139317 
0.0007830305869590658 
0.0005753917237117168 
0.0008772339773255586 
0.0009087796921934233 
0.00036220693520456695 
0.001329415471847218 
0.0006114430918954445 
0.00040440254445986624 
0.0009310603906254886 
0.0005691880975397945 
0.0012920493932682847 
0.0006302011640466203 
0.0006171593450238435 
0.0004464753451461636 
0.0016558805025437464 
7.281109074994485e-05 
0.0013195917018260707 
0.00025697258837521943 
0.0007325432857401686 
0.00021825544266704645 
0.00045420263431342515 
0.00034904344105559694 
0.00031871827412312736 
0.001974956534926617 
0.0014795106019439086 
0.00043561948768074246 
0.0019210508727813308 
0.0018796689749946557 
0.0019293103495641828 
0.000918771210521213 
0.0015019281360160724 
0.0007117006868325595 
0.00044855256452209667 
0.0008427664626759246 
0.0014999699525514538 
0.0003484143698858675 
0.0014486106056466868 
0.000999090880085132 
0.0019410912905615267 
0.0013353124840949284 
0.0006703013129828696 
0.001141896606521336 
0.0015747330659100606 
0.0005224142920728683 
0.001918659158910473 
0.00010200613671195647 
0.0002949430284808514 
0.0003219401423353423 
0.00034202434603911394 
0.000683383338098849 
5.2471954580024516e-05 
0.0017595183139092975 
0.0015972872247967816 
0.0017774644714878098 
0.0002637875814301942 
0.0017395828985536147 
0.00018537645351639887 
0.0010833414663244227 
0.0009347863780944203 
0.0018813633879464094 
0.0011293753465179636 
0.0011485953315770528 
0.0010923857701161128 
0.00019715551026334933 
0.0010245757094633646 
0.0007498146291015613 
0.001901886318607665 
0.000333950222990832 
0.0007997615054045437 
0.0007764518853093147 
0.001537004047417536 
0.001777574976996288 
0.0012282153070638827 
0.0011202555009155477 
0.0017211642818811045 
0.00059736868011499 
0.0003746932014543736 
0.0003441591325994866 
0.0003812786482071897 
0.0007370372910518104 
0.0002388131818967283 
0.0003481903227131056 
0.0005484308599621944 
0.00023025785698312153 
0.0015275778983083771 
0.00045368485019436444 
0.0018909097809414457 
0.0001170468502234876 
0.0003028782158112293 
0.0019270141629571468 
0.0017203755042163064 
0.0011197190463047473 
0.0019040391853726274 
0.001751879813507024 
0.0007440212373681052 
0.0008222616247027131 
0.0018081484349455146 
0.0009015338554432641 
