100 1
14.45503404766432
18.898699307214287
22.98706734980398
27.997228823285774
33.187016195236716
37.2627213083859
42.424908415920875
46.742066919995445
51.59633911208835
56.56146746336441
62.277530269203424
66.96366743300567
72.37925508817473
77.83012372155343
82.22240158361605
88.1447465935255
92.1708500105498
96.26614385523791
101.3385665730341
107.16191279484649
113.11376736724675
118.26568090044871
123.38562986907066
128.9098766592988
133.94715586916035
138.3062046563249
142.54809110441985
147.14184272255537
151.90356523665835
157.35838123497163
161.75682822587387
167.34785051220857
173.17959291702834
177.96659348248716
183.0379172671512
188.22962595413452
192.60570002843326
197.6320914826774
202.52720893495743
207.36166619433902
212.23708616182589
217.99240419238438
223.8935727283078
228.42046683964568
233.04704622264785
238.54976943256483
243.80200172058343
247.93468464084222
252.6122891703279
256.96517364730664
261.70971207918785
267.25173050422
271.8168382523313
277.4320781289159
283.4237800448865
287.95735777196796
293.3416785524065
298.3053971712877
302.8487342701162
307.45983248998243
311.8860790879865
316.12640521707107
320.35445959403404
325.4471522765259
331.0617133572967
336.9048839078676
342.74884797882714
347.53671676424733
353.0344301590732
357.7954294014327
362.3671810338936
366.38120143576987
372.2122961858742
377.2808735044835
382.78767141770015
388.1260792549172
393.37201862721895
398.0967518872972
402.59811739265
407.4335146054592
412.9156020742924
417.59611252396354
423.1193837301339
428.78871587791195
432.8955876578872
437.43572798161284
442.75809365793486
448.3807712914645
453.2783407133461
458.8148317312994
463.4030076555179
467.99274327191443
473.6537848010492
479.28783818943197
483.9175393985445
488.1941022910116
493.2817776978378
497.55601885229026
502.3007100869039
507.2980820209396
