100 1
13.434662936303496
19.967120520245043
24.46336039159252
29.15076020508014
34.37036023930093
39.76934769691968
44.35210146893007
49.915827588723694
54.038796204312284
57.002922423572734
61.489908279337264
66.88342782348191
72.35753838709998
77.97350553802815
83.19134055351832
87.95056729369796
91.62061614229809
96.80114796732532
102.02534318969754
106.94625593888972
110.44502424705004
116.56368189844291
122.46331196888593
126.69969282433979
130.34503029370637
134.05707051548325
139.34098242481818
144.72634257047835
150.46634228380182
155.16534169873637
159.5968904303861
165.10443120600112
169.62180458572593
174.909936789628
181.01909781211893
185.7965373835107
191.37406180776716
197.0908412630735
202.9596750074998
207.60228134020198
215.0391483240161
218.25862107042136
224.13294808533732
229.3035693637827
235.06074852710233
238.15181480532326
243.18055975565164
247.86179555965683
253.7235720610519
258.6582265796388
261.8029522597693
266.55258344634274
273.9235780985188
278.01323558405016
284.1752921646716
288.7047265604505
293.6628465419534
297.63256696842393
304.06676700450095
309.52836308081635
314.1387101612697
321.5342607561457
325.59877936355593
329.8537701677652
335.98563231434986
343.52653279446173
348.7816974297223
353.5326835598286
358.8154000137778
364.3930261564217
368.75652795041077
373.8541886209675
377.59810369441004
382.25936957066665
389.00389900015455
393.06654813942254
398.249407913616
403.3221560578528
410.16405640482253
415.92722438565886
419.8027380199214
426.00101275338375
431.67616016187
436.37190835179103
441.6882415796594
447.081770031485
452.4916659513877
458.2310094679897
464.0355767376068
469.8003428931569
476.0265989497367
481.5341318964328
488.2890977589607
491.81438826781874
494.9832011187985
499.91339268672056
504.64057799159895
509.6233078871213
515.5853444824252
520.8017018467765
