100 1
3.3e-4 
3.3e-4 
3.3e-4 
3.3e-4 
3.3e-4 
3.3e-4 
3.3e-4 
3.3e-4 
3.3e-4 
3.3e-4 
3.3e-4 
3.3e-4 
3.3e-4 
3.3e-4 
3.3e-4 
3.3e-4 
3.3e-4 
3.3e-4 
3.3e-4 
3.3e-4 
3.3e-4 
3.3e-4 
3.3e-4 
3.3e-4 
3.3e-4 
3.3e-4 
3.3e-4 
3.3e-4 
3.3e-4 
3.3e-4 
3.3e-4 
3.3e-4 
3.3e-4 
3.3e-4 
3.3e-4 
3.3e-4 
3.3e-4 
3.3e-4 
3.3e-4 
3.3e-4 
3.3e-4 
3.3e-4 
3.3e-4 
3.3e-4 
3.3e-4 
3.3e-4 
3.3e-4 
3.3e-4 
3.3e-4 
3.3e-4 
3.3e-4 
3.3e-4 
3.3e-4 
3.3e-4 
3.3e-4 
3.3e-4 
3.3e-4 
3.3e-4 
3.3e-4 
3.3e-4 
3.3e-4 
3.3e-4 
3.3e-4 
3.3e-4 
3.3e-4 
3.3e-4 
3.3e-4 
3.3e-4 
3.3e-4 
3.3e-4 
3.3e-4 
3.3e-4 
3.3e-4 
3.3e-4 
3.3e-4 
3.3e-4 
3.3e-4 
3.3e-4 
3.3e-4 
3.3e-4 
3.3e-4 
3.3e-4 
3.3e-4 
3.3e-4 
3.3e-4 
3.3e-4 
3.3e-4 
3.3e-4 
3.3e-4 
3.3e-4 
3.3e-4 
3.3e-4 
3.3e-4 
3.3e-4 
3.3e-4 
3.3e-4 
3.3e-4 
3.3e-4 
3.3e-4 
3.3e-4 
