100 1
15.361944722741933
19.12157823112971
22.735131064316278
26.814172394138275
33.29983179106098
39.02104266709244
44.30495029482861
48.41603637130106
51.512920190833725
56.058577941305025
63.166783146041055
68.58697824358795
73.23920681081364
77.97077440963396
85.8330069097117
90.75256150931013
97.10713014943246
101.51337270921535
105.45662110235679
112.50788320752609
115.64956673336933
120.76826439031427
125.67616868706865
130.12064889684768
133.32531822585358
139.8208199477195
144.5053974923949
148.8975084021895
154.88181419131232
160.43060038426128
165.8290593619423
169.85350802717872
174.59930462899385
178.21011914270127
183.75060413206185
187.34552520028015
192.60123469240534
197.14726402325422
201.5715268116338
207.14444530634648
210.44491146277463
216.2691242585791
222.86891508777188
229.19010039134199
233.3101585676954
240.0878679613263
243.69974242383705
247.90928762412756
253.12095008378532
258.6550495417213
263.3808592270368
268.596833324193
273.08581497250964
278.0190203432327
283.81863462556316
288.14419263207657
293.8408887910194
301.5529780879156
306.52116265861963
310.9845166434008
318.21959785644384
321.6068761208412
328.1321846913503
331.79586262831594
336.65926207042054
340.9371987739132
345.21905856807354
350.9780859459474
354.0296944308484
359.8792541266085
364.31602533688897
369.08639460214926
373.4521130185071
377.83960789492374
381.24914589649364
386.5614017548748
390.46306533198157
394.2393764117278
400.03728956401693
405.68220258744196
409.4964556724058
413.26911879846335
417.31814997353354
420.7352495131091
425.1595365230072
430.16410272938674
435.15087801808363
441.6072360703817
446.48473447655863
453.39587654258645
459.1819830406158
462.1834379069327
466.8668843168458
470.3125187461265
475.017337030005
480.1383429211298
485.00249657930965
490.335554840904
495.4707191095754
499.7788325708967
