100 1
0.0017204858678547996 
0.0030607168959691502 
0.0006517809753762374 
0.0002836784191116201 
0.0016457590422265813 
0.00046933888560007583 
0.001252427960590446 
0.0012940965157136122 
0.0018133439978027387 
0.001630782767165728 
0.0007520444015031663 
0.0011731831625420802 
0.0020072382734012857 
0.0024732672528616495 
0.0004631594615746178 
0.001493773700826918 
0.0024571049322816723 
0.0027332083261308654 
0.0015272146077187573 
0.0024196832654269657 
0.0020682309773366087 
0.0010150976376263655 
0.0009025697817812761 
0.001970472927423284 
0.002103369068102233 
0.0007379648195369059 
0.0014666851060273602 
0.0005322866525850684 
0.0008511575651636255 
0.0008183005802273142 
0.0019151344945722531 
0.0018078122772645932 
0.0019178629715139598 
0.001826603182941757 
0.0018228001665478635 
0.0022014751899452007 
0.0017610039060613639 
0.0014025525792208961 
0.0009219856402779144 
0.001218248276958371 
0.0006246333487936505 
0.002170012760765235 
0.00012077990401217545 
0.00068871172450563 
0.0008278562846209415 
0.002293925612842808 
0.0017432673031699706 
0.001397978867178718 
0.0021018671695709635 
0.0015271115388110588 
0.0007657481172585186 
0.0024708217929101887 
0.001784513176640724 
0.0009494065826226219 
0.002284530012007859 
0.0015016285707425815 
0.0017784011673811176 
0.0013063250760089982 
0.0011443120895361818 
0.0007375448666985503 
0.00043480890533792026 
0.0017719851458290717 
0.001722236814525531 
0.0015388983846473703 
0.0013738111221646661 
0.0012978073603093138 
8.297536288601355e-05 
0.001771483836956385 
0.0005240692268032162 
0.0015162557293782871 
0.0018830048230746707 
0.0013489609736254174 
0.0018298280698651422 
0.0015082745940443864 
0.000530831450822535 
0.0012315868983705425 
0.00045379024252674384 
0.00406530189122563 
0.001174328303460338 
9.531732802953348e-05 
0.0028264710805552293 
0.00045025796653938046 
0.0009165157626606014 
0.0009921144333085497 
0.0013063943013942668 
0.0004889660944851482 
0.0031606430196583156 
0.002016001258593132 
0.0014331972638499336 
0.0021333133943843867 
0.0006185396265408143 
0.0010161281599727844 
0.0011564729433239324 
0.0013485763319070205 
0.0005340917862860747 
0.0029496778002597096 
0.0014006389085655419 
0.0017237449099296658 
0.0010067665223535266 
0.00032238260285332896 
