100 1
0.75e-5
0.75e-5
0.75e-5
0.75e-5
0.75e-5
0.75e-5
0.75e-5
0.75e-5
0.75e-5
0.75e-5
0.75e-5
0.75e-5
0.75e-5
0.75e-5
0.75e-5
0.75e-5
0.75e-5
0.75e-5
0.75e-5
0.75e-5
0.75e-5
0.75e-5
0.75e-5
0.75e-5
0.75e-5
0.75e-5
0.75e-5
0.75e-5
0.75e-5
0.75e-5
0.75e-5
0.75e-5
0.75e-5
0.75e-5
0.75e-5
0.75e-5
0.75e-5
0.75e-5
0.75e-5
0.75e-5
0.75e-5
0.75e-5
0.75e-5
0.75e-5
0.75e-5
0.75e-5
0.75e-5
0.75e-5
0.75e-5
0.75e-5
0.75e-5
0.75e-5
0.75e-5
0.75e-5
0.75e-5
0.75e-5
0.75e-5
0.75e-5
0.75e-5
0.75e-5
0.75e-5
0.75e-5
0.75e-5
0.75e-5
0.75e-5
0.75e-5
0.75e-5
0.75e-5
0.75e-5
0.75e-5
0.75e-5
0.75e-5
0.75e-5
0.75e-5
0.75e-5
0.75e-5
0.75e-5
0.75e-5
0.75e-5
0.75e-5
0.75e-5
0.75e-5
0.75e-5
0.75e-5
0.75e-5
0.75e-5
0.75e-5
0.75e-5
0.75e-5
0.75e-5
0.75e-5
0.75e-5
0.75e-5
0.75e-5
0.75e-5
0.75e-5
0.75e-5
0.75e-5
0.75e-5
0.75e-5
