100 1
1003.27801519529
1009.6974762454072
1014.9319708294698
1019.8207847060164
1023.8686921066621
1028.3884843511212
1034.46594331251
1039.9535896947805
1045.0145166124425
1050.0943148478063
1055.4529932725688
1061.2347401920874
1066.246429202592
1072.1448992140947
1076.3290221894506
1082.7944880026073
1087.969702097756
1091.5319476513725
1096.2640573057026
1100.9744398657565
1104.9120397749004
1110.2826178004032
1115.1023211150816
1117.879260651926
1123.754862366875
1127.3491792154787
1133.67218035667
1138.8536295612705
1142.3369940395648
1148.264284546045
1153.5415431751353
1158.4591368707295
1164.4537157211378
1169.7843001805509
1173.1287696918935
1178.4606277753232
1183.639289877065
1188.644775347776
1196.1103919282127
1201.2412771073105
1205.982878885865
1211.251825461704
1215.9992762188044
1219.7116443939678
1224.7385029578004
1230.5581223386737
1235.941855348296
1240.995510455878
1246.4294353547355
1252.146013376897
1256.5742279237995
1261.0880799355145
1267.2279206207484
1272.3410566935931
1277.194646227796
1281.801299593203
1287.114789235193
1291.7112021674268
1298.0167287580623
1302.4012445066624
1307.9213236668143
1311.4517337539653
1317.2940748906692
1321.5564640886514
1326.2800220983195
1332.625773100986
1339.1646772681565
1342.470823317124
1348.9430338048785
1354.687930297523
1359.373486710759
1363.4650451603884
1368.3290035978348
1373.7028570967238
1377.467423596475
1383.7772664339768
1389.275008564806
1394.1925148844473
1396.8092803647503
1404.10643311496
1408.9175546559602
1414.1218532430262
1418.5142500783759
1422.5307082493644
1425.655510117979
1431.0430418481765
1434.0708202403582
1436.1070381045095
1440.887376485905
1446.4730445010534
1450.9942723377103
1452.9965710449978
1457.804078337837
1462.5049024979912
1466.1947470575535
1471.9904859516996
1476.3660234262181
1482.035103243018
1488.3893604901523
1492.0973780337579
