100 1
15.60902805301211
21.315188294180935
25.073404956656354
30.729998013856846
35.40609517959815
40.48392498000618
44.087514224510564
48.54561321010704
53.64559206081703
57.908765796968474
63.35078346169142
66.76888439303343
72.68619028904837
78.18332142951007
84.12084635086437
89.35870789901102
93.33917248145791
98.46115363376599
103.63947458490951
108.51768599087931
113.9715909239005
120.3049912859009
125.49414740189566
131.37350005390257
137.04040500760306
141.09788985306187
146.26223120861707
151.26144378438343
155.95899529427447
160.60402199452278
165.28643632477275
169.770896773484
174.80582709489607
179.5282321107592
185.50781478861202
190.40433862237913
193.70601277717728
196.68520175848403
201.45869467572922
207.09428588244808
212.0509810623959
218.97020474057678
224.06974278012112
228.4613156620117
234.18100424863314
238.3446592924832
243.8858454419954
248.67957628765865
255.11063304258977
259.17148259133785
265.6736512805065
271.609088235696
275.1597826279426
279.5362161558039
285.3103807290552
289.3448589696346
296.036217598869
300.7090212910066
304.8041122643074
310.86848018100693
316.73009590830566
322.99398318424863
327.3548136564627
332.03023071782565
337.0274880656686
341.6916116105531
345.50287041861816
350.59587815443547
354.3101813069879
358.0628133220874
363.8902819903016
368.26070250783636
374.1368002788766
379.7368710281902
386.83667038710536
390.59578903948216
396.28375201835905
400.0865903335455
405.93096406213743
412.98153587611574
417.8677939109493
422.58780855805145
426.5918672728932
433.59018198410206
438.6338131793598
444.6153039017951
449.2965475001156
454.02303712773534
460.51824759438693
466.37724157898043
471.3930107104626
476.2686909470271
481.6569397517688
485.6655619390803
491.22415581972194
498.25487954576784
503.68582118357847
510.2105004780747
512.6889755999266
516.4598068334462
